CLASS 1:  [[1.00e+00 8.90e+01 6.60e+01 ... 2.81e+01 1.67e-01 2.10e+01]
 [5.00e+00 1.16e+02 7.40e+01 ... 2.56e+01 2.01e-01 3.00e+01]
 [1.00e+01 1.15e+02 0.00e+00 ... 3.53e+01 1.34e-01 2.90e+01]
 ...
 [5.00e+00 1.21e+02 7.20e+01 ... 2.62e+01 2.45e-01 3.00e+01]
 [1.00e+00 9.30e+01 7.00e+01 ... 3.04e+01 3.15e-01 2.30e+01]
 [6.00e+00 1.48e+02 7.20e+01 ... 3.36e+01 6.27e-01 5.00e+01]]
CLASS 2:  [[0.000e+00 1.370e+02 4.000e+01 ... 4.310e+01 2.288e+00 3.300e+01]
 [3.000e+00 7.800e+01 5.000e+01 ... 3.100e+01 2.480e-01 2.600e+01]
 [2.000e+00 1.970e+02 7.000e+01 ... 3.050e+01 1.580e-01 5.300e+01]
 ...
 [6.000e+00 1.900e+02 9.200e+01 ... 3.550e+01 2.780e-01 6.600e+01]
 [9.000e+00 1.700e+02 7.400e+01 ... 4.400e+01 4.030e-01 4.300e+01]
 [1.000e+00 1.260e+02 6.000e+01 ... 3.010e+01 3.490e-01 4.700e+01]]


MEAN 1: [[  3.308   ]
 [110.106   ]
 [ 68.196   ]
 [ 19.676   ]
 [ 68.792   ]
 [ 30.3182  ]
 [  0.430286]
 [ 31.228   ]]
MEAN 2: [[  4.84962406]
 [141.07518797]
 [ 70.84586466]
 [ 22.19924812]
 [101.09022556]
 [ 35.19285714]
 [  0.54975564]
 [ 37.03759398]]


S_1: [[ 6.37514549e+01  5.51116874e+01  5.08491222e+01 -3.63341242e+01
  -2.80420393e+02  2.68352786e+00 -5.00128874e-01  1.41850132e+02]
 [ 5.51116874e+01  4.79494925e+03  6.38509587e+02  5.50765611e+01
   6.32461958e+03  1.85838573e+02  5.30639057e+00  4.96760345e+02]
 [ 5.08491222e+01  6.38509587e+02  2.28405921e+03  3.53307142e+02
   9.27091559e+02  3.53186002e+02  1.04017997e+00  3.17730645e+02]
 [-3.63341242e+01  5.50765611e+01  3.53307142e+02  1.55404927e+03
   4.24788202e+03  3.52740358e+02  3.01983832e+00 -1.95117130e+02]
 [-2.80420393e+02  6.32461958e+03  9.27091559e+02  4.24788202e+03
   6.84204180e+04  1.34605922e+03  4.67987980e+01 -1.22334873e+03]
 [ 2.68352786e+00  1.85838573e+02  3.53186002e+02  3.52740358e+02
   1.34605922e+03  4.13895613e+02  1.14263283e+00  2.35099727e+01]
 [-5.00128874e-01  5.30639057e+00  1.04017997e+00  3.01983832e+00
   4.67987980e+01  1.14263283e+00  6.26620923e-01  1.06946247e+00]
 [ 1.41850132e+02  4.96760345e+02  3.17730645e+02 -1.95117130e+02
  -1.22334873e+03  2.35099727e+01  1.06946247e+00  9.57891896e+02]]
S_2: [[ 9.84222443e+01 -4.96865938e+01  7.25314796e+01 -3.54762661e+01
  -2.76100894e+02 -2.94524528e+01 -6.92280834e-01  1.28813307e+02]
 [-4.96865938e+01  7.14740933e+03  3.39938034e+02  1.72015492e+02
   8.29505799e+03  9.58852830e+01  2.07204985e+00  2.46776365e+02]
 [ 7.25314796e+01  3.39938034e+02  3.25641797e+03  5.99230884e+02
   1.86360338e+03  1.45373019e+02  1.96810894e+00  4.35414300e+02]
 [-3.54762661e+01  1.72015492e+02  5.99230884e+02  2.18718143e+03
   7.87054161e+03  2.76187736e+02  1.27624515e+01 -1.33184707e+02]
 [-2.76100894e+02  8.29505799e+03  1.86360338e+03  7.87054161e+03
   1.35123030e+05  3.55789434e+02  3.75206040e+01  2.77889374e+02]
 [-2.94524528e+01  9.58852830e+01  1.45373019e+02  2.76187736e+02
   3.55789434e+02  3.68256434e+02  2.64991302e+00 -1.06680755e+02]
 [-6.92280834e-01  2.07204985e+00  1.96810894e+00  1.27624515e+01
   3.75206040e+01  2.64991302e+00  9.77311396e-01 -2.54822602e+00]
 [ 1.28813307e+02  2.46776365e+02  4.35414300e+02 -1.33184707e+02
   2.77889374e+02 -1.06680755e+02 -2.54822602e+00  8.43371202e+02]]


Within class scatter:  [[ 1.62173699e+02  5.42509353e+00  1.23380602e+02 -7.18103904e+01
  -5.56521287e+02 -2.67689250e+01 -1.19240971e+00  2.70663439e+02]
 [ 5.42509353e+00  1.19423586e+04  9.78447621e+02  2.27092053e+02
   1.46196776e+04  2.81723856e+02  7.37844042e+00  7.43536710e+02]
 [ 1.23380602e+02  9.78447621e+02  5.54047718e+03  9.52538026e+02
   2.79069494e+03  4.98559020e+02  3.00828891e+00  7.53144945e+02]
 [-7.18103904e+01  2.27092053e+02  9.52538026e+02  3.74123070e+03
   1.21184236e+04  6.28928094e+02  1.57822899e+01 -3.28301837e+02]
 [-5.56521287e+02  1.46196776e+04  2.79069494e+03  1.21184236e+04
   2.03543448e+05  1.70184865e+03  8.43194020e+01 -9.45459355e+02]
 [-2.67689250e+01  2.81723856e+02  4.98559020e+02  6.28928094e+02
   1.70184865e+03  7.82152047e+02  3.79254585e+00 -8.31707820e+01]
 [-1.19240971e+00  7.37844042e+00  3.00828891e+00  1.57822899e+01
   8.43194020e+01  3.79254585e+00  1.60393232e+00 -1.47876355e+00]
 [ 2.70663439e+02  7.43536710e+02  7.53144945e+02 -3.28301837e+02
  -9.45459355e+02 -8.31707820e+01 -1.47876355e+00  1.80126310e+03]]


Inverse within class scatter: [[ 8.36968341e-03  5.78728015e-05 -4.30393519e-05 -1.94207324e-05
   1.18596561e-05  1.29680325e-04  4.14394576e-03 -1.25147320e-03]
 [ 5.78728015e-05  9.77981982e-05 -9.49274733e-06  2.66175544e-05
  -8.16901463e-06 -3.48641910e-05 -1.81768242e-04 -4.62922607e-05]
 [-4.30393519e-05 -9.49274733e-06  2.13028783e-04 -4.82309982e-05
   9.03068972e-07 -1.07803241e-04  2.09487812e-04 -9.18083392e-05]
 [-1.94207324e-05  2.66175544e-05 -4.82309982e-05  4.04407989e-04
  -2.21700405e-05 -2.39083084e-04 -2.23838045e-03  6.12917331e-05]
 [ 1.18596561e-05 -8.16901463e-06  9.03068972e-07 -2.21700405e-05
   6.83683106e-06  6.36292588e-06 -1.10722578e-04  9.63103609e-07]
 [ 1.29680325e-04 -3.48641910e-05 -1.07803241e-04 -2.39083084e-04
   6.36292588e-06  1.55565888e-03 -1.13627378e-03  7.06415996e-05]
 [ 4.14394576e-03 -1.81768242e-04  2.09487812e-04 -2.23838045e-03
  -1.10722578e-04 -1.13627378e-03  6.56957774e-01 -6.14460830e-04]
 [-1.25147320e-03 -4.62922607e-05 -9.18083392e-05  6.12917331e-05
   9.63103609e-07  7.06415996e-05 -6.14460830e-04  8.15146029e-04]]


Optimal Line Direction:  [[-8.77184472e-03]
 [-2.43550640e-03]
 [ 9.22212564e-04]
 [ 1.05838794e-04]
 [ 4.40502729e-05]
 [-6.29473635e-03]
 [-6.14679691e-02]
 [-1.58615783e-03]]


Class 1 Projection:  [[-0.37854742 -0.47921928 -0.64424116 -0.51415673 -0.70205053 -0.56043851
  -0.57082628 -0.55981517 -0.38726357 -0.62991831 -0.53960913 -0.59275316
  -0.39102571 -0.37308775 -0.58622007 -0.48145639 -0.65281934 -0.67187455
  -0.66237736 -0.466289   -0.6436205  -0.58033206 -0.37022044 -0.3739466
  -0.36826978 -0.43137885 -0.41628033 -0.6755324  -0.3327271  -0.55409682
  -0.71416472 -0.49287303 -0.2741218  -0.34439611 -0.53914501 -0.45965538
  -0.60454853 -0.35979019 -0.54138216 -0.56003451 -0.52757305 -0.3895041
  -0.16136984 -0.43474658 -0.50822132 -0.44143279 -0.44407758 -0.23893637
  -0.47442138 -0.38739274 -0.49831042 -0.61278881 -0.49611341 -0.41967015
  -0.32228818 -0.53412847 -0.55702434 -0.51860628 -0.61655578 -0.42644191
  -0.31533593 -0.46605131 -0.53139142 -0.40695138 -0.35888466 -0.51388095
  -0.51744087 -0.32662275 -0.58520532 -0.44711697 -0.39489463 -0.44071764
  -0.48154913 -0.4532018  -0.39533477 -0.52915241 -0.47513678 -0.58114593
  -0.59031192 -0.49686184 -0.53427198 -0.3989363  -0.52570758 -0.43792501
  -0.41272611 -0.52600965 -0.50226403 -0.50265881 -0.54972223 -0.48611757
  -0.5947038  -0.24529041 -0.41747818 -0.53971341 -0.65857898 -0.38235168
  -0.55549544 -0.47588802 -0.6142497  -0.43229039 -0.46074054 -0.39079791
  -0.57795478 -0.55080277 -0.51903664 -0.44252163 -0.57846869 -0.54847205
  -0.51787913 -0.46414736 -0.49608502 -0.4912624  -0.3982622  -0.4742117
  -0.68969553 -0.39270136 -0.52557814 -0.16345062 -0.39431705 -0.56242927
  -0.42377837 -0.59995248 -0.45292417 -0.40877761 -0.48191094 -0.58058809
  -0.46918611 -0.37615617 -0.56979839 -0.46312557 -0.43692764 -0.38900235
  -0.60444907 -0.72699756 -0.554018   -0.58139018 -0.66032237 -0.41813561
  -0.40336268 -0.45403084 -0.83677276 -0.5336221  -0.35374162 -0.56004143
  -0.38033222 -0.37762828 -0.39775866 -0.45556628 -0.59746983 -0.59942676
  -0.67735572 -0.58929063 -0.43253495 -0.57552746 -0.49079394 -0.36602263
  -0.42299114 -0.51217909 -0.45612044 -0.65586466 -0.68828833 -0.47626599
  -0.61296385 -0.54555914 -0.62335515 -0.3965683  -0.41735212 -0.47535285
  -0.37072006 -0.62083143 -0.52472955 -0.4261087  -0.54614532 -0.45840242
  -0.62852522 -0.57449709 -0.60001643 -0.65081689 -0.4063641  -0.52838904
  -0.39624564 -0.60257375 -0.66505972 -0.48014736 -0.5687382  -0.44003837
  -0.52515451 -0.54029021 -0.46116143 -0.43262443 -0.50326953 -0.51444209
  -0.4963938  -0.37620027 -0.52870006 -0.53715903 -0.48489628 -0.52189758
  -0.75104589 -0.49748691 -0.59825266 -0.42765589 -0.51641664 -0.38167353
  -0.67466469 -0.62479543 -0.48177364 -0.42796624 -0.20259511 -0.550277
  -0.58701782 -0.62884764 -0.5549728  -0.50473672 -0.40059775 -0.51158132
  -0.55075634 -0.40073542 -0.41256205 -0.51003368 -0.56630537 -0.66434931
  -0.55980305 -0.60024659 -0.52083351 -0.36615399 -0.36649045 -0.36172375
  -0.43248608 -0.48457979 -0.57764914 -0.36967214 -0.4584552  -0.51844738
  -0.47859531 -0.3659859  -0.46145121 -0.44187939 -0.44747006 -0.43626055
  -0.50281255 -0.47509525 -0.45544458 -0.47236556 -0.57107761 -0.47518185
  -0.3578561  -0.57889344 -0.45612321 -0.60040149 -0.38697088 -0.5244898
  -0.49286921 -0.63142536 -0.49775722 -0.45350262 -0.3439549  -0.56317038
  -0.40997391 -0.50045927 -0.48934208 -0.28432735 -0.54511281 -0.44152214
  -0.45489701 -0.38769257 -0.50432212 -0.44568353 -0.67980608 -0.59201486
  -0.33578281 -0.55757995 -0.42232345 -0.51406701 -0.42568477 -0.44006314
  -0.47008471 -0.33934033 -0.46051645 -0.5960905  -0.51032596 -0.59640547
  -0.43505443 -0.65071276 -0.55213491 -0.32855165 -0.5068546  -0.43135734
  -0.54524816 -0.4426758  -0.35605225 -0.47718832 -0.71337186 -0.62132587
  -0.5194179  -0.52115303 -0.59006143 -0.48144414 -0.53296959 -0.48994739
  -0.53633083 -0.57591858 -0.49417903 -0.42234547 -0.41143642 -0.58709845
  -0.79029363 -0.4316332  -0.77332004 -0.46225354 -0.44357041 -0.4771936
  -0.26674695 -0.67949407 -0.478251   -0.40623349 -0.64543434 -0.42553645
  -0.45610049 -0.54520352 -0.49693321 -0.48081479 -0.51600669 -0.45440378
  -0.57452586 -0.45545525 -0.4944906  -0.42101005 -0.42051103 -0.62279333
  -0.52636377 -0.52303166 -0.32082595 -0.51429519 -0.38313635 -0.52352863
  -0.37879308 -0.34662374 -0.44457411 -0.47160283 -0.45498766 -0.51931944
  -0.5558974  -0.5113298  -0.54181164 -0.46359889 -0.44412569 -0.37153842
  -0.53676652 -0.44983912 -0.41461263 -0.54449637 -0.63180685 -0.67055975
  -0.44209678 -0.43712673 -0.54398677 -0.41207462 -0.45247231 -0.5149873
  -0.47704174 -0.54955104 -0.64558386 -0.49869209 -0.45035859 -0.48465884
  -0.43157205 -0.43892528 -0.48113055 -0.4902029  -0.61162566 -0.43476559
  -0.43767089 -0.48497062 -0.45929875 -0.54080985 -0.53059828 -0.52380775
  -0.59104956 -0.47276794 -0.60729907 -0.56554108 -0.38462499 -0.45688839
  -0.3712869  -0.50376614 -0.48539394 -0.58139327 -0.46313038 -0.4429502
  -0.44367281 -0.42188322 -0.49171627 -0.46744591 -0.54231046 -0.36323809
  -0.59912033 -0.4085807  -0.47602096 -0.53140666 -0.43603424 -0.48694705
  -0.30274739 -0.50076827 -0.470523   -0.82964781 -0.48491902 -0.45845591
  -0.47133665 -0.44317955 -0.51096995 -0.57985341 -0.39963927 -0.43815657
  -0.45503938 -0.45010431 -0.47707757 -0.49573674 -0.44686873 -0.35710088
  -0.43266911 -0.55487936 -0.51720193 -0.46233519 -0.61242204 -0.41345837
  -0.38304494 -0.51552214 -0.54315517 -0.4994981  -0.45237428 -0.38402089
  -0.59468879 -0.64611275 -0.67600852 -0.46765734 -0.53461718 -0.65046702
  -0.70963808 -0.42240473 -0.46651652 -0.66906082 -0.58421745 -0.44919356
  -0.42312451 -0.30497785 -0.5017365  -0.44825105 -0.53666493 -0.48351459
  -0.45651478 -0.50989841 -0.5183934  -0.57717991 -0.38072714 -0.44893041
  -0.55358864 -0.63484517 -0.52982978 -0.6577901  -0.45523312 -0.47570714
  -0.52970453 -0.58627719 -0.55172864 -0.4790612  -0.45038285 -0.51915834
  -0.49080438 -0.41376368 -0.50383631 -0.56987403 -0.48655854 -0.55449101
  -0.50574167 -0.5286493  -0.5616861  -0.42668925 -0.4575657  -0.4692617
  -0.49244388 -0.45686094 -0.46458005 -0.48602042 -0.4876075  -0.44149573
  -0.78501853 -0.55503068 -0.54052612 -0.53009838 -0.44665736 -0.59505446
  -0.48624928 -0.43567376 -0.44123272 -0.56814292 -0.54263461 -0.49235475
  -0.41464208 -0.6723338 ]]
Class 2 Projection:  [[-0.74995613 -0.41453213 -0.68986929 -0.38599374 -0.75477744 -0.68156811
  -0.65141419 -0.57430319 -0.56615658 -0.50486632 -0.5179677  -0.79904807
  -0.53600251 -0.67504997 -0.59318398 -0.68134887 -0.62207021 -0.57430035
  -0.48378716 -0.63273649 -0.79661458 -0.79378915 -0.56444727 -0.73184646
  -0.75457006 -0.61325114 -0.56712933 -0.49854837 -0.49894897 -0.71355467
  -0.6488204  -0.65774885 -0.7011634  -0.55705675 -0.58981204 -0.71231187
  -0.43742678 -0.62686299 -0.68630578 -0.6801816  -0.63211039 -0.56543627
  -0.73531999 -0.46830851 -0.60456254 -0.50903028 -0.49777501 -0.64447973
  -0.65486773 -0.65413841 -0.57717448 -0.72539754 -0.83426115 -0.73834148
  -0.85257194 -0.53323805 -0.52652803 -0.48747509 -0.6084211  -0.73669436
  -0.68536702 -0.64842904 -0.80502436 -0.74511972 -0.55821949 -0.52054089
  -0.55862276 -0.6597863  -0.85347317 -0.65590447 -0.4485536  -0.54844353
  -0.57307006 -0.82569419 -0.67157459 -0.7388943  -0.60526499 -0.55336959
  -0.76130076 -0.53873041 -0.48884628 -0.57478656 -0.66862738 -0.67243637
  -0.68119974 -0.65312972 -0.66340674 -0.73029343 -0.75697876 -0.7063454
  -0.694396   -0.53580229 -0.59020975 -0.7882286  -0.56049071 -0.49944767
  -0.76800953 -0.64816741 -0.54831634 -0.66160237 -0.60539761 -0.66761987
  -0.49269732 -0.59454228 -0.65026078 -0.47515967 -0.58817273 -0.51355967
  -0.64239251 -0.59362644 -0.53165867 -0.61234808 -0.70920591 -0.56983591
  -0.62381641 -0.66397935 -0.55623973 -0.55330827 -0.55765725 -0.61327533
  -0.66052845 -0.70262571 -0.47835016 -0.48052146 -0.67829849 -0.54768915
  -0.5082574  -0.80209152 -0.54112454 -0.68859397 -0.75399555 -0.30473532
  -0.6872955  -0.5686689  -0.78096534 -0.73080516 -0.70556949 -0.699322
  -0.53058807 -0.52172595 -0.75920194 -0.7229501  -0.71528263 -0.55446928
  -0.58850151 -0.62485682 -0.72945995 -0.65359131 -0.51680441 -0.70268641
  -0.46793768 -0.58281756 -0.67443017 -0.52676441 -0.77982797 -0.68873704
  -0.55363746 -0.62129607 -0.64188047 -0.49739409 -0.71222959 -0.69326202
  -0.67455869 -0.4567911  -0.66890273 -0.66943513 -0.57168915 -0.51949062
  -0.92148779 -0.46528309 -0.53106182 -0.77347545 -0.73429294 -0.62280025
  -0.48815343 -0.62907066 -0.71927149 -0.57739606 -0.59130591 -0.71714765
  -0.34079563 -0.65325003 -0.51833728 -0.61201733 -0.66226219 -0.65774176
  -0.61871601 -0.58302486 -0.58862503 -0.54116716 -0.58436133 -0.72842134
  -0.83930946 -0.59283345 -0.74114957 -0.50411745 -0.57710725 -0.77441875
  -0.60101608 -0.57848674 -0.65023428 -0.72895385 -0.70796073 -0.58506537
  -0.65087092 -0.6592002  -0.69593971 -0.72968845 -0.7243256  -0.68638013
  -0.72310845 -0.69603693 -0.60918315 -0.54050949 -0.55142873 -0.58617972
  -0.58191383 -0.61281742 -0.56623141 -0.67983526 -0.60156375 -0.61845989
  -0.47669296 -0.80942441 -0.67913469 -0.68889482 -0.56389242 -0.64076423
  -0.53586568 -0.72683968 -0.63388878 -0.54712764 -0.69648705 -0.54484175
  -0.65480808 -0.74556732 -0.63971697 -0.5679941  -0.61601209 -0.56804165
  -0.69213738 -0.43142956 -0.69337879 -0.49170032 -0.68763591 -0.76806507
  -0.68500546 -0.53696526 -0.57279486 -0.51763856 -0.51271143 -0.70885689
  -0.5222206  -0.69510576 -0.65556199 -0.65092621 -0.71737086 -0.63321721
  -0.60570776 -0.65999748 -0.67248019 -0.58380608 -0.56000586 -0.77577138
  -0.79140274 -0.5457862 ]]

 List: [0.796875, 0.7916666666666666, 0.8098958333333334, 0.7786458333333334, 0.7864583333333334, 0.7421875, 0.765625, 0.7473958333333334, 0.7708333333333334, 0.7734375]


 Mean Accuracy=  0.7763020833333334 , Standard Deviation:  0.021207931420371313