Covariance Matrix:  [[ 1.00130548  0.12901392  0.14138122 -0.08260275 -0.07309413  0.01754089
  -0.03397176  0.54472834]
 [ 0.12901392  1.00130548  0.15269695  0.05645473  0.33281735  0.22124355
   0.13708168  0.26275075]
 [ 0.14138122  0.15269695  1.00130548  0.20757846  0.08921407  0.2821451
   0.0412338   0.23988377]
 [-0.08260275  0.05645473  0.20757846  1.00130548  0.43854604  0.3930657
   0.18373769 -0.11602413]
 [-0.07309413  0.33281735  0.08921407  0.43854604  1.00130548  0.19836937
   0.18582106 -0.0409953 ]
 [ 0.01754089  0.22124355  0.2821451   0.3930657   0.19836937  1.00130548
   0.14072974  0.03595806]
 [-0.03397176  0.13708168  0.0412338   0.18373769  0.18582106  0.14072974
   1.00130548  0.03278114]
 [ 0.54472834  0.26275075  0.23988377 -0.11602413 -0.0409953   0.03595806
   0.03278114  1.00130548]]


Eigenvectors
 [[-0.12631788 -0.59404237 -0.59537627  0.07536675 -0.19542947  0.47535915
  -0.08158945  0.01373196]
 [-0.39243328 -0.17528237 -0.09339313  0.4446406  -0.09300894 -0.46613059
   0.40414775 -0.46859457]
 [-0.35947089 -0.18550652 -0.19162077 -0.02616264  0.63396883 -0.32772515
  -0.05653763  0.53520861]
 [-0.44054292  0.33140493  0.23945437  0.58572021 -0.0089089   0.48726778
  -0.03677036  0.23837958]
 [-0.43683384  0.24788907 -0.09150076 -0.55762163  0.2695852   0.34781321
   0.34804809 -0.33708345]
 [-0.45215652  0.09918102 -0.00863174 -0.34219401 -0.68569968 -0.2542284
  -0.05305254  0.36182269]
 [-0.27060956  0.12154879 -0.08449476 -0.01341205  0.08464217 -0.11966157
  -0.83449461 -0.43221831]
 [-0.1955599  -0.6213597   0.72605898 -0.15698229  0.03370896  0.10953212
  -0.07159535 -0.0748592 ]]


Eigenvalues
 [2.0969295  1.73390801 0.42017396 0.40400274 0.68343308 0.763857
 0.87674237 1.03139721]


Since the first, second, and last eigen values are the greatest we will pick them for 3 dimensions.
Selected eigenvalues:  2.0969295026211467 1.7339080083010403 1.0313972060910501

 List: [0.6953125, 0.7473958333333334, 0.7317708333333334, 0.7005208333333334, 0.7395833333333334, 0.7395833333333334, 0.7265625, 0.7239583333333334, 0.7109375, 0.7552083333333334]


 Mean Accuracy=  0.7270833333333333 , Standard Deviation:  0.019787097425773125